0.06520793738455058
0.1028195484773115
-0.08152759648194295
0.01007780143030745
0.1790452755691929
0.05778615167313367
-0.03909851006161366
0.1277933049919566
-0.03961859408816439
0.0788983192647274
-0.03250902110242759
-0.003597167753709564
0.03946555648402163
-0.04095805985089933
-0.1670846155257377
0.1268514911642285
-0.04586058779079423
-0.1707650049245939
0.1374080795299487
-0.07646718949131665
0.02495639036121078
-0.08729490878363801
-0.1137765141107486
0.07184090729694979
-0.01590906823153934
-0.06211470091960947
0.1679732744674116
0.05603140852282847
-0.0348791116742018
0.04703284283986645
0.01425785513636894
-0.08316531543984076
-0.08659663435491161
0.02651185845095106
-0.1207509650461764
-0.09294373878872597
0.05492039237612956
0.1354833669064596
-0.01144606734877641
-0.01037262361788295
0.02770861961846639
-0.0306600472765368
0.05280382889857116
0.08454464760298068
0.02384665160591969
0.04207779745617428
0.04418044430805464
-0.1920219430371923
0.1641463835007278
-0.03459501625333108
-0.02249225340997786
-0.03430285756798739
-0.03396787378888423
-0.006200806687810482
0.07299189250469032
0.07284129413171919
0.0536903260063936
-0.09370097054769418
0.1164914504339303
-0.02657221437426337
-0.1057195107811688
-0.07896603050163459
0.03235615060546321
-0.05639844516702469
-0.1251384142290183
-0.05747446849197923
-0.1393347702198033
-0.07925186469728822
0.03176863076528145
-0.001529537012849458
0.05976174260831048
0.01909375026417137
-0.03786596465337328
0.0494858850821176
-0.1232547938387803
0.02030987662197508
0.1024236340734173
0.07649988379660924
-0.04027219850463466
0.07526384126816034
0.03911987947617514
-0.01700763060629849
-0.1772969744295876
0.1572270208631308
-0.04322157297075141
0.0005970868865217841
-0.002912985487365826
-0.06301703676639266
-0.05400363736326004
-0.04046166823660297
0.0697544969096804
0.05296343661024976
-0.01436985781202725
0.05281103949939023
0.05661178591475363
-0.03100985869822449
-0.08219459426579696
-0.001942536844252934
0.1274458069876916
-0.009300029387021461
-0.07806166646428001
0.23407285739664
-0.05742051220416908
0.0174722046699397
0.09508814044175166
0.08959720753365967
-0.02420419689084843
0.03927589009136612
0.04151197589412813
-0.07699337406705346
-0.17758640420671
-0.1038918108924447
0.01228586220101161
-0.003446695967037435
-0.004278282826829384
-0.07199277724516091
0.1348772202049464
0.09998967091971402
-0.113137718944853
0.01885287795773433
-0.002729236540611813
0.006632104533463266
0.04447262415692477
-0.04445568469203339
-0.04547760305130499
-0.01915297727002421
0.09054308835483973
0.05431676429805542
0.1620129355612214
-0.01993636995373891
-0.0160857218238596
-0.0454023274394295
-0.05334641799308637
0.2067176151518205
0.1024110534316669
0.04133266764974045
0.04605237008336457
-0.07148241775980187
0.07354746639568156
-0.02984653033425938
0.0583126532716293
0.05691385086698109
0.03610234776664727
-0.1644070413577216
-0.0610066103097619
0.02907626373603888
0.06811424170645866
-0.2372457500200107
-0.01575044143850583
0.004939971869158561
-0.06531636835708018
-0.1085332896789087
0.00644178415003063
-0.1976758217840215
0.1057800248999612
0.0911824226741202
-0.02185705981160288
0.1649632976453811
-0.0006970044842960696
0.1038559049889261
0.1263869914863721
0.07071414148567297
0.1233659475945912
0.05386035664696227
0.03729455558360994
0.07743723316875832
-0.02376774719883436
0.01240000462810138
0.04564408555276951
0.08710848761531079
-0.05514519829866645
0.1249438917018161
0.03571261467735092
0.01185096739283715
-0.1299643121214234
-0.1425566242282214
0.09082135849502457
0.01289360017255864
0.02520208995538379
-0.04414918280764143
-0.04245452049009558
0.09096056258734651
0.02861769590122755
0.1092893874716854
0.01007705228491717
-0.05497794409889866
0.09868675664788314
0.1904509780797974
0.01369205614406611
-0.04488269383928332
-0.02700359284542998
-0.01230247603329418
-0.1065202920834305
-0.04414979007746334
0.1345195117206306
0.005155433704557563
0.1184513934682681
0.1158835276047076
0.05104993546835369
0.05164832422957512
0.005738316749838485
0.05764275963180276
0.06235670860302989
0.1682964616086966
-0.01934953137520947
-0.008479135718228985
-0.1358541490095505
-0.1090431132401644
-0.1056057412436838
-0.1490665303464174
-0.04067553829682123
0.01587899746705132
-0.08386568769205918
0.02384566136792584
0.1355780329949882
0.01187187259717386
0.009064768152766264
-0.05591679413988612
0.04851816200357457
-0.02582719224479762
0.1097430943054224
-0.0002974531144018817
-0.02705374426778047
0.09270641384514912
0.000162558674906142
-0.005088389660753641
-0.06466486993137753
-0.0351339019884713
-0.03661635387929288
-0.05807794520578145
0.1190239744158531
0.004876692488162
-0.04837154892431092
0.09655325967648123
0.05187044039887943
0.02462112318034813
0.1406137667341853
0.1086502748596554
0.1357601449360512
-0.07336345831459243
0.06227474505281065
-0.1322203536285073
-0.0122214835040618
-0.004886700463696521
-0.1210559667977218
-0.01584500172754433
0.08290150617539135
0.1267624795193474
-0.09375596948478312
-0.02970500414003239
0.07231785130961538
-0.05719823749466232
0.0007338859111521798
-0.03041676968900724
0.1565471056884379
0.1338117380133933
0.07737949452121509
-0.1015542976990758
0.1181362918628173
-0.1210957429387027
-0.1733259844587947
0.1734253852322463
-0.1657179292022709
-0.003390939584915794
-0.02945898482449967
0.03250721145387774
0.02885428940479454
0.02810505387702905
0.03208897772715925
-0.1865172113163612
-0.05000924963146053
-0.1408407964705276
-0.0597071129464827
-0.01834285640954269
0.05885018349827906
0.04426445367945506
0.07816966849603538
-0.1045585201363204
-0.05268168595703804
0.09864692987565239
-0.02801623510309303
0.07456120217000163
0.07706392495187037
0.09158308317118119
0.07635126936374871
0.01727772456614276
-0.07705078979608776
-0.03690585831650229
0.04180733966643823
-0.112512691782024
-0.1111026097473407
0.05771901841524264
0.1014705911392704
-0.04351542126773399
0.0295266241234825
0.08218018478872829
-0.01122793183317036
-0.001429669545439961
0.2500054176755477
0.03608225254074149
-0.1484737975182453
0.0346007914681222
-0.01964563290056537
-0.1214942120364039
0.009459201518781025
0.1691919273980161
-0.07460142865416845
0.1227886332643955
0.0897023150193751
-0.0418748787692178
0.03166196023073609
-0.09300523883464441
0.06046454978915446
0.02121497487196342
0.07280995473731046
0.1646237144376301
-0.09431325887426945
-0.09615013547512495
0.1095500806643189
0.1631846055282199
0.07221111336585637
-0.08266955776135639
-0.1557145755967428
-0.02939645352479072
0.01541733287026155
-0.009835578632060374
0.04967213065489092
0.09589542723152791
0.08326020168844125
-0.03483780987642976
0.03077587606933081
-0.07665634189547099
0.02746049370565438
-0.01861219022733627
0.02678702717355733
0.02405117396575091
-0.05987320449455676
0.08876788910943018
0.1167296574733216
-0.01682591089560719
0.09922446922327374
-0.008530136743748175
0.0273702586040454
0.05643181479809902
0.1314836058620318
-0.1445126820434612
-0.03739951384644204
-0.0694827149350041
0.1559772834921855
-0.06645195375700699
-0.002186213174112964
-0.2089486007751986
0.06028686511518278
0.04678355732554161
0.09422051304527251
0.05668971229273836
0.01118165012538756
-0.02262105806785704
-0.07690836323336893
-0.1520188663563947
0.0563902936865819
-0.05808538406117445
-0.1461718054865681
0.1434651066928068
0.1281444754408228
-0.141995475393837
-0.05979798559413085
0.0373476468626737
0.01136344103439247
0.1978974531653532
0.09878118864467163
-0.07727751310814104
-0.03860914596850244
-0.271639815619398
-0.04612015685469505
-0.002743254295521148
-0.06372206577730727
-0.01486893425490613
-0.04147799789057875
-0.03595661344138686
0.002251248462194239
-0.07451716838021002
-0.0809995999682572
0.006844697095414737
-0.09459235983781236
0.04604507011927152
-0.1740856828135444
0.07119397534467829
0.05968564516746443
0.2223583067928588
-0.03440038860473552
-0.06581636492295059
0.0582390401992034
0.1169597784019041
-0.1394939785452204
-0.08663456080498227
0.1103006440254271
0.1831431836761505
0.04729533491504489
0.0935179202016517
-0.02844627054066212
-0.01811671942477551
0.04570137306645922
0.1524950513088265
-0.1011632159344297
0.1243421601849408
0.007028859135377744
0.07331581394096304
-0.1605834143860848
-0.1165795871102781
0.1509879860785703
0.0002130425478745774
-0.07849221075769083
0.1333541982314221
0.02219139746117062
0.06564905487181369
-0.003995229522495846
-0.09354361370951746
0.05892312311454109
-0.05323291106094253
0.04203328647411436
-0.1695978210268131
0.1439504915107409
-0.119678719537961
-0.1559671610230305
0.04515843702623282
0.03855388305111754
-0.05742096203095715
-0.1809038045914946
-0.08854796262741768
-0.03648296357770815
0.01091404504312401
-0.1002936914438146
0.1270096167974344
0.02517531340065047
-0.05754226941493392
-0.01218250947592314
-0.01524064616132418
-0.09192908510071207
0.1165265016202688
-0.01233177285062782
-0.0698884665816943
0.07821215389914876
0.03244037698995864
-0.1207210512557757
-0.008451797213632069
0.03547397563324764
-0.1165200766291635
0.01907828349573512
0.02313951753049603
-0.04924312179587265
0.05617225515842535
0.0140272667457888
0.07144109308526868
0.08532960673638189
0.04590152928521753
0.1432943776137859
0.03805236565741987
-0.1611626281357419
0.0727025692779453
0.07709049995847686
-0.1052137871081573
-0.06493190246258138
0.07316779686622296
0.09461969850553804
-0.07711991075191371
0.03272925753358907
-0.01288930453694431
0.07487102920461072
-0.05058590693990291
-0.09541432103745939
0.09810012718449096
0.05371186410166271
0.006771108498231452
-0.07292890739316281
-0.03552201631744499
-0.2032428256849578
-0.01319007746078967
-0.1724708147311638
0.07585946782944539
0.05350310363273175
-0.1250896388938211
0.01552334707458157
0.1244097959759649
-0.1370552730883992
-0.03754705421537195
0.005391500599151783
-0.1216497355381375
-0.2230122925060986
-0.0410767602512529
-0.1025505779461709
0.008914162165328331
0.03599944221739373
-0.09896589967553988
-0.05139569525176028
0.06586980382175567
-0.02914932806079126
-0.07821976524990276
0.04424318983765459
0.05679362997090365
0.0761098062966688
-0.0488820312583565
-0.04222160180855262
0.01314959151941282
0.1289435942788938
0.1266389355852788
-0.1368610033881415
0.04137255557372303
0.02524640646591857
0.0632752721942743
0.0890722586465279
-0.1766224474419575
0.07680210813906073
-0.07362770156763675
-0.01476904470733268
-0.1024175748904312
-0.0196449561947047
0.04249488674954396
-0.08454017756331997
0.05671901985026026
0.005632475167415846
0.2305419441722902
0.05393499372524044
0.06982889791633944
0.06469157199402541
0.001787666905625019
-0.007569498366420428
-0.140750015034405
0.0102191864603132
-0.01487030793602157
0.1312362784146392
-0.02469856740742448
0.06180728974898852
0.1154591111456401
-0.03299539620694733
0.0527916071034907
0.02389773030592657
-0.04941416118144759
0.03096253011657309
0.001096657581823713
0.03031283684354482
0.08425224313470396
0.0560688819368894
0.0008506873666821218
0.2070716513959996
0.0510144683298759
-0.1250422373344016
0.0111695685410248
0.1503796080059509
0.09936208178062141
-0.01495733060798323
-0.07493063536575738
-0.004892763049914785
-0.05691792558268534
-0.05562618489106221
0.181219087740169
-0.08315018295945591
-0.1114116939122368
-0.005608219061776877
0.1104512580434853
-0.05022412077657621
0.05031426436678434
-0.07019070418007542
-0.1170972466179398
-0.04317156465549645
0.2041114083070279
0.05894111344067512
0.1244206511020433
-0.08027418573077463
-0.04035522981147745
0.07082027653118513
0.03787125824879763
-0.0112374710351309
-0.03169083937747095
0.06428280441308375
-0.04708290341992988
0.01906790724203196
0.04720305536316385
-0.1194322148943757
0.1073770090093464
-0.02313590212543674
-0.006909264028921812
-0.03940892345202349
-0.06714701427129001
0.01495953100789437
0.01843158606651654
-0.06046642840224861
-0.08037236935932569
-0.006866763944711738
-0.1527792595418181
0.03371473440023413
0.1648333386210124
-0.08263974651017862
0.007981536010252237
-0.0359384657547509
-0.008648664610240846
0.1206350045491343
-0.06596138368687483
0.001329941876286437
0.145780550050651
0.008664882658101374
-0.04963601748739584
-0.0173465992884386
-0.03677213245567729
0.004429552512091024
0.04941118712970667
-0.005790203299019525
-0.01400141222902497
-0.0803891258654823
0.01337979081730501
-0.03044382990255082
0.1266912936832933
-0.05479026215344939
-0.03167298381728419
0.0413259946932714
0.14330972571746
0.0242048805813428
-0.08763018656593373
0.1195089076068525
-0.1199828989081938
0.02156691622944425
-0.09115249618319429
-0.02790591696764217
-0.01822941464847984
0.01048186589568023
-0.04941350237782492
0.1408580726136922
-0.2372667834859686
-0.03512513978587409
-0.0008059172359002695
0.1041316184719634
-0.08608826448072725
0.05519074096123371
0.01933088140799702
0.006464543314692206
0.02952663752760557
0.06010402852422006
0.03774792159662274
0.03504481771857937
-0.1626397806077009
0.03998108004832598
-0.04810048110759647
0.1060566877851581
-0.06422905572060819
0.06254629706131205
0.01613725180137018
-0.04089978050901164
0.04420518455698756
2.161277404322259e-05
0.03520052385949296
0.07252435223295052
-0.0405949104510645
0.06388429597505633
0.05869953364116574
-0.1598012283804889
-0.05528684804682445
0.03026889474448108
0.009466518932033971
-0.104061975593607
0.09769311061965028
0.02189065151761369
0.1625941961332135
0.08057680987455423
-0.1818469229133758
-0.1880784070498457
-0.1286861381781263
0.0135500092086458
0.1171297709694588
-0.01676155799219427
0.06316411240592747
-0.01995202254576683
-0.06999879472271862
0.05993522450867218
0.04172169027629703
-0.0007105990216329499
0.07682495359457994
0.04208616679971275
0.00155609186345876
-0.03656078849920748
-0.07764422084606559
-0.1460960498065548
-0.01926744550686816
0.01503927281256768
0.0685478891296688
0.0275556643256818
0.008953496362706634
0.1455737918365128
-0.07035814583882782
0.03480073775015204
-0.1335191987222928
-0.09013349556815567
0.05373571925311135
-0.005557946075721073
0.01875795736693384
-0.1200793161194405
0.08988901606064571
0.09152315351833724
-0.1004891456821458
0.003056670269574918
0.1648802141565467
-0.06552005116321091
0.0510960252629689
-0.003980339375200712
0.1594959582144591
-0.01851217623100525
-0.003711425059434753
-0.04691159613370972
-0.1865454201054946
-0.05374550640263653
0.09022691102943757
0.09576970828411725
0.01424493298144388
0.05537466185938403
-0.04323180249091357
-0.02615994834299599
0.1026465973193942
0.1176884238631768
0.04779565759672995
0.09697326390655467
-0.2589993016962435
0.01617297952730276
0.002062267149499262
-0.1151870627101025
0.08477660975028942
-0.1615454129445152
-0.05419407650726859
-0.1081351974917993
0.05447510023915088
0.002124240230941781
-0.05946142257725889
0.1068000514263331
0.04328278574769034
-0.0821283436059746
0.06318384012238706
-0.09139192936863039
-0.01454958528385707
-0.05546220005332299
-0.0006451746966694843
-0.08257423572285996
0.06572864441471898
0.1552764672871542
0.1683769813457758
0.03885221403967189
0.003987753248934679
-0.2301969761720445
-0.09545470115555413
-0.04229130792153206
0.150170251020691
0.1246272061454446
-0.1200617244374344
-0.08135039697302328
-0.1089303443659411
-0.01229569913954033
-0.01160367128805313
0.1472686198758389
-0.06734909815862883
0.04642556279756113
-0.1375829128132498
0.05721650692798496
-0.2836263732714013
0.0239666400559692
-0.005319661823371681
0.03202650398902299
-0.03330060335117972
0.1125073293332047
0.1435001295437322
-0.01424893762497062
-0.08964135312104188
-0.1669288405043785
0.07026750798858089
0.05846563011215145
0.03627863424994869
-0.1032057408668243
-0.06512849347701759
-0.0167569198526087
0.06964394075442198
-0.04140213512107626
-0.1887407601844749
0.1143421657945037
-0.09486530004360764
-0.1026258390006205
0.04882673031818797
-0.0444441942731981
-0.1504952831906096
0.1368145610285113
0.04284931955004512
0.11728091108851
0.101677996068853
-0.1007507167946477
-0.03029102246258612
-0.03505332813793642
-0.0845179233268586
0.008855333342440427
-0.002032820358757365
0.05627795157707575
0.03784363618772503
0.02691945714833232
0.1374897244427419
0.1531198538671106
0.05179668593640094
-0.09218841430740532
-0.0700528409187012
0.1596750054609572
0.1125760666153323
-0.1485198201403687
0.03501225761375448
-0.1522946205650361
-0.04019513230627705
0.02109190009924743
-0.1095414809163403
0.1013590201111189
0.06665967731250175
-0.1608790724641968
0.03015585035037224
-0.04558961159699172
0.1012301873297952
0.1291065549150078
0.03659459469503552
-0.05217054024001139
-0.03065303161054288
0.1784387450700094
-0.1234234816501811
0.07148089073905846
-0.07974070598403507
-0.1212270797758905
-0.09687452743534321
-0.01965236947312474
-0.02144428652677801
0.02309321560749752
-0.1112625890043473
-0.04110888601422644
-0.07003959196899523
0.05872603815031792
0.02708551695117346
0.07190853150041028
0.05251485074595201
0.1670986887094834
-0.1006722817586651
-0.06264355275239619
-0.07505820138449459
0.09825183075211598
-0.1231991290592692
-0.09330801295839798
-0.01881088638732583
0.04793857285387018
-0.06511066972576902
-0.04733453831626794
0.009067892772080402
-0.06956019089602195
-0.2420551735624904
0.1565634721295144
-0.06085160315827278
0.215583894102374
-0.01535785966193305
-0.0006919084851427001
0.2330595901872621
0.02508056261184192
-0.05537137443900957
0.134989731208541
0.04964224655484759
-0.1022319121043272
-0.0125773972530566
-0.1460764779467445
-0.2194067239177539
0.121449750667745
-0.1569346751166669
0.08273480846786065
-0.03963364169090638
0.1021650572831612
0.03142871186102969
-0.07318970212485623
-0.1877766931088958
0.05304527885132265
-0.1423519928798202
-0.1146170666917754
-0.01644378903485765
0.1463624437056605
0.09286470662829666
-0.04376035203276567
0.1235694325877471
0.04010724758643888
-0.04057871608384905
-0.03480590242809659
-0.0290287431372865
0.06860399339920419
0.1424059860962707
-0.02802667446322252
-0.1030416482046834
-0.1087296778982838
0.06261934599853212
0.145418666876629
-0.1441015228908637
0.02624404584845627
0.06478758321575472
-0.05141753518651174
-0.09698549481134856
-0.03863696708170971
0.04130691895514976
0.0009772363321422679
0.03615150137674252
0.1125455127809673
0.02254211972754506
0.05288148103037402
-0.1381313053249464
-0.009583428591775595
0.009805676951351656
0.2779984644899869
0.02312531111118435
0.04975175483114382
0.003697578349083516
0.04229094857974457
-0.07244076110911743
-0.003610622753469735
0.0145144220234714
-0.03742111789322262
0.03424520819387828
-0.08578431785315555
0.07346442311235489
-0.1195217546301038
0.08885673610294607
-0.04118618157583383
-0.02006116168679675
-0.1071286370740636
0.03161422450990628
0.06282700009671774
-0.03884914478239047
-0.05718604331290859
-0.06723528655480934
-0.008770280145472535
-0.01566667433844009
-0.01036471124252697
-0.0900028088128403
0.02034088709097405
-0.05850547849790334
0.01688369200165222
0.054891057116534
0.009512927127017784
0.052891963983244
-0.1068777426883035
0.1496037292781701
0.1915917243881711
0.09065873497123775
0.07141752465285992
-0.03837790893602704
-0.04661667304076685
0.1142965897025404
0.02143287366610969
0.2079279219484636
-0.0570571621005449
0.1501938795016593
-0.1539847388399095
-0.1018953349701233
0.0516330886243961
0.0649740737362087
-0.03570883992199795
0.07182478690749219
-0.05524184534538346
-0.1755798144089476
0.07590054881748981
-0.02731283215073051
-0.05169622944422096
0.01117754286728274
0.01459758751405265
0.04562059826967303
0.05102231042329364
0.02612932475333768
-0.07350574322194417
0.01285713013531004
0.08075932888875756
0.132140243908244
-0.0480714521401726
0.01463173546847384
-0.008217098827608984
-0.03847912683849345
-0.08905791966863312
0.04104884707972857
-0.12591731161632
0.04772799912868192
0.0590246896224516
0.01819563746663639
-0.03997561542191012
0.002148330105715435
-0.02005875834859222
0.1471663528395828
0.06109077782178664
0.1053152535494663
0.09482366153727846
0.06157238334902369
0.03182858288078008
-0.1758516243593648
-0.01062872081519542
0.05844416413330375
0.08265360485245481
0.04352645268822824
0.05188630392242367
0.04658592413861529
-0.2857241557315129
0.0458140263901033
-0.06409419388308921
0.1118596344191863
-0.05296174359267656
-0.09864931319223268
-0.01552160846492729
-0.0973783066415032
-0.03574334428080903
-0.07886419919074622
-0.04365733373108599
-0.03777212834622609
-0.0318653112524947
0.1187824034591586
0.1335900170165743
0.1017255935597737
0.01558767068759968
0.02624152908111852
-0.09589554908578936
-0.03720774334506736
-0.01296219313514005
-0.06893330096181106
-0.1202783837991998
-0.02720711860682515
-0.1106856151795596
0.02553334840714226
0.07491700819816577
-0.05009433060082906
-0.02115442973216881
0.01745460808007868
0.0343010509792324
-0.08939340359911693
0.01117751969914418
-0.008252139680430589
-0.0566600965452658
-0.09512871077642304
-0.05544569292248403
-0.07228659048803847
0.1318453564831324
0.1086766887005345
0.04301711444807313
-0.03747497666967279
-0.0986020254791297
-0.2044932078840432
0.06647572935397414
-0.1347995808245041
0.06194014544280692
0.1538784728308883
-0.09573073356376703
0.01375948636937073
0.1373352605722194
0.05581317650736047
-0.19990396482339
0.1053703573991618
-0.04419405595933008
0.01870277583878855
0.04880921440788753
0.06466081315976439
-0.04310280108671594
0.06062452509876993
0.00356199017923989
-0.1418720286869467
-0.1705013456689061
-0.05953062406880154
-0.1157674172101157
-0.05651455971842012
-0.02605338876496219
-0.1438609533248043
-0.01152558492467519
0.166046411173851
0.14699922944589
0.09532308625666529
0.01831156283114859
-0.05920312098511248
0.0101017717383054
0.03884827262581586
0.01448145545911432
0.1061720957912756
0.02235686110535831
0.08832962549593895
0.1310478116384822
0.03577533194258812
0.0682303747556028
-0.05429890124824364
0.02486865750978588
0.00495028245225519
0.0001028082146712558
-0.08275208721346033
0.07301760492505077
0.05542271248734205
0.004632662717052363
0.1086882629149128
-0.05626066768695204
-0.1620885332785158
-0.02209245065159549
-0.1164777174086803
-0.09576191162746671
-0.01389690685351284
0.0734708191113982
0.009861255424977174
0.002310110616472514
-0.0520466784089502
-0.0831129529933195
-0.07713701986505744
0.03466137403016547
-0.1062956725978062
-0.09875621697561751
-0.1336602949706575
-0.005437861406731509
-0.07368845777678222
0.006296571269244327
0.1150924126306226
0.008185991166618632
0.0672408362494171
-0.1147207736402054
0.02662883934402265
-0.08301249393121084
0.1950775226944937
-0.0641299456819029
0.01895202205127753
0.05240821695196506
-0.001606854467755951
0.1154936043610362
-0.02443071467298229
0.048001879080928
0.005421606741840047
0.09131508863331694
-0.05005933523377525
-0.1196146408682318
-0.01106730066242553
-0.1115519163266064
-0.1733702595762065
-0.147456640878532
0.03120161021108232
-0.06913315115158773
-0.1169142029154158
0.05764336263009268
-0.154477331713513
-0.01765413978281393
0.1284928882004398
-0.06332078695777864
-0.07397476770331986
-0.1581913082846485
0.2233185375801874
0.103615357912384
-0.02095241858579793
0.07686698988440309
0.0620860107792531
0.05137280899730533
0.03005861047771952
-0.01528589101271195
-0.08611153796544709
-0.04610578200132293
-0.0665806563364736
0.1783632929133995
0.08626498138400451
-0.1119703292464846
-0.05109870083378442
0.04177556847773822
0.1400113220099093
-0.04302821924069967
-0.06857389129860529
0.03085547039104529
0.08255418041249273
-0.08695792911410447
0.02543813140479043
0.01339448096373041
-0.137694235294991
0.02226307703037261
-0.014515982871361
-0.01577867891115169
-0.06995633087367209
0.03045793828806658
-0.06998181857647025
-0.0247456384201038
-0.09115537120235574
0.05046021518480893
-0.03191356108744101
-0.2450635244814719
0.06993569179160865
0.06679071281429393
-0.1305763193688912
-0.08058326352192044
-0.09933660005046201
0.03945025080977989
0.006962847881795331
0.04707632141949374
0.004535571923202705
0.169314849674624
0.08524239066893273
-0.02238942757905207
-0.003451966532602128
0.1082982048904487
-0.1005203566737251
-0.1606344818098039
0.04993824769518566
0.1404389704618373
-0.06010086157734715
0.03942453927501306
0.09277928599800218
0.1471097945017371
-0.094980329140056
-0.06957703918854051
-0.132545205508229
-0.01597460780960279
0.06889300768157024
-0.09369830049924593
0.1076144431451046
0.1473195522519134
-0.03366002438818806
0.007067787237206204
-0.0458467892529397
0.08086950570466632
0.06984175560537631
0.007851946870738966
-0.104032657544577
-0.08191686849658882
0.03007581346793826
-0.06201247177205273
0.01502152331793454
-0.0147529058709427
0.1383173475854674
0.02171302692180471
0.04857038224888119
-0.06163396517625316
0.0696240123862466
0.01655729163193329
0.1330573790104088
0.07362684104886412
0.0150672884066541
-0.004496998232747953
-0.09231602891870948
0.1408819785858816
0.03046792124036894
0.07006494504932929
0.07723554673659407
0.1736215217449673
-0.01944758560050947
0.1631491522968933
-0.04789443954369034
0.1970248342096526
-0.0434686316755439
0.07574365005065713
0.1115157424545667
-0.01255007983741647
0.04673232339245673
0.000355534756271684
0.05270928944187554
0.01073135675401753
-0.1095200458285173
0.05292135647021028
-0.1036064929978851
-0.123918011909541
0.06215551653084163
-0.03534231251410663
-0.1334479611022836
0.138552204757261
0.007890261892362763
0.1103381509145165
0.01128043362423592
0.07829290361441504
0.121683192960092
0.1052590149471441
0.02067636144318567
0.001866123567442863
-0.1660172637558703
-0.06522063145399093
0.06267197454582031
-0.1543300754350125
0.0440873831640085
-0.1080121101518406
-0.1052920650027369
0.05134160727411149
0.113299696082103
-0.0297264907662065
0.07092272975206131
-0.04147735162696377
0.1053026834304797
0.0674138273649357
0.1211111884999523
-0.06423154332411518
-0.06444708977473336
0.1285223903204119
-0.04658809660975634
-0.06460062596224343
-0.1304917294784315
-0.152997059460771
-0.1757230092109197
0.01122513002714884
-0.07391831605898701
-0.10414296853895
-0.09790864507485983
0.07567032897408799
-0.1083773188393066
0.05514330352555563
-0.04597956297762487
0.06635799749636614
-0.1185101582806518
0.07476750700054902
-0.08116757816773212
0.06086299669116135
-0.01653845697454435
-0.08854908137681577
0.04391968977062082
-0.03887151713362946
-0.08047568304127754
-0.01065817183838886
-0.04151030044071707
-0.1249187212598082
-0.04176955547530214
0.06381159322204145
0.1024104896467636
-0.0801144065511426
-0.2751208999940586
0.0728308082641335
0.1831059911189321
0.1826103700990686
-0.1168379421032841
0.07521973524858339
0.006856798042881773
-0.1440020138124166
-0.04200671677569456
-0.1758112171621897
-0.1070416169778869
-0.07121915508410298
0.032730369329278
0.04618856697579436
-0.08928831735082696
-0.01441454749826532
0.06112377578780676
-0.01387324386351031
-0.1933339561886776
0.05664794117884449
-0.1991061892552463
-0.01047251192940495
-0.002295497619588113
-0.1101729609704025
0.006908723589588626
0.005604849944402033
-0.1220623160466722
0.06893882221809429
-0.1120630515366316
0.004604417660895156
0.01726870348661652
-0.08237595194854108
0.03864104361479697
0.06560760637103202
0.1137671568729794
0.0005450255538739851
-0.1455936516237687
-0.01692804170635201
0.01622208369066578
0.09091619081402277
0.1004962750452982
0.06899848721773566
-0.0883343861563541
0.08878916875302827
0.03015736969588494
-0.001253309704577874
0.04464649923625102
0.0001438542053308284
0.09868370985443906
-0.0426696353949127
-0.09480392231621275
-0.02839163811482868
0.08270343603096497
-0.01381460422167209
-0.0919528327652044
-0.1130084785040291
0.01001105658490408
0.06953154684727947
-0.190946003596127
-0.08135067560700988
0.01556470660913293
-0.01090378130828284
-0.01215316411899287
-0.1373373739928839
0.0002862621360361708
-0.06445329902359251
0.08251189656807362
-0.1600579321573403
0.0603985393196034
0.04042505413997333
-0.02135597029265025
0.01622969573748608
0.04587947477437188
0.08204019774470106
-0.09228257688313271
-0.03157967668406263
-0.006382606477649017
0.06276868284370017
-0.03364305907845543
-0.02733841830768325
0.006672887573572404
-0.06113435041219173
-0.02873212097135043
-0.09172992574778854
-0.08867456094375677
0.06694377112932484
-0.002583279049595977
-0.09114471297885574
0.0138912602551377
-0.1456718437358801
0.0188480504572955
-0.04468277010699293
0.07092552426678572
-0.07342801910664701
0.006978817378697279
-0.001090496946514242
0.07601590602278628
-0.06377174486308468
-0.1360884345371282
-0.08358202203626186
0.1563458050645363
-0.1829378732778885
-0.02428132883045338
0.1167779626207108
0.110717668728563
-0.06399067913208857
0.1452349863160942
0.1398789780280968
-0.009001428690107687
0.018089280199645
-0.0543973655301047
-0.008175005466652315
0.02617499616279965
-0.04417704308534635
-0.06908837731336134
-0.09088197217253227
-0.078669598558994
0.004591701043229774
-0.1252122556077279
-0.08704782713165896
-0.03443466427787048
0.06211588967014482
-0.007185301718759402
0.1416731682720533
-0.01615473562390482
-0.03819021209742667
-0.07794078020776153
-0.03270457382074128
0.1051286158242103
0.04642813348066822
-0.1481479788321665
0.03148572956963952
-0.08640223341210379
0.06222360713770982
-0.03546992494624149
0.0652958207750764
0.007480365687356921
-0.0922375977139395
-0.05743992529790773
-0.0759542382386989
0.1076360119306511
0.02802269005800764
-0.07699586392539602
-0.02052490973542648
0.05292351978122392
0.04658803751211826
0.06915388815771499
0.0622909459086037
-0.08942482203064299
0.02492802207877005
0.09553044659384541
0.102015352918703
-0.01091943208027684
-0.08727753057131171
-0.03559117948574128
-0.08496635271043916
-0.00514768048630269
0.02844756783102914
-0.006880967432387208
-0.003029603195510929
0.1164705321056349
-0.09529048197464708
-0.001054689152899999
0.1188233393828694
0.06945209668567712
-0.04716034979775553
-0.0218354058579772
0.06553303614079764
0.06202100931650815
-0.08334347486588352
-0.1087645409174052
-0.04952815328716535
-0.06988763427741813
-0.118965644869429
-0.1088346104653491
0.01500340500959684
0.1234002008378595
0.002500726640886743
-0.2623518268873357
0.04609234998915464
0.1796102843416722
-0.09633462066162551
-0.04173863441755832
0.05576906224340318
0.0360162299728278
0.1296396555017966
0.08215332093932649
-0.07002527112943667
-0.1262589130000892
0.001816460199183796
-0.0782279094117877
0.057708317030237
0.07527872838605701
-0.152206626492679
-0.0001598107333603965
-0.04009574158085426
0.03477637141998766
-0.06267632651014725
0.05192503135281746
-0.0773525504815651
0.06208101205029604
0.02882511238152944
-0.04291186216719458
-0.001961502755628159
-0.09746389879308323
0.05687740980714526
-0.159711005658927
0.01977227142641233
-0.04877897469088587
-0.09729626636841793
-0.09275376684035598
0.05740356345290612
-0.2169959802321896
-0.06900577995279254
-0.05882648728222787
0.1228799638094057
0.1291559612843493
-0.06941687889868681
0.001715997500943899
0.1944825264107695
-0.006345728159593472
-0.06711677219514164
0.02507749550383996
0.04765965977053692
0.07156733150327466
0.02544670749464752
-0.07404794829473575
-0.08979323351918189
0.1473353691507482
0.03392747642964809
0.178281947226384
0.2198562560013819
-0.04450223272790469
0.04205935780135012
0.08574817721710977
-0.1292199881911432
-0.08643396421218144
0.04253747349709093
-0.02948267672529114
-0.06569933460305741
-0.0009170619935720391
-0.07202647747558936
-0.1751309399782428
-0.0003645708191711908
0.03426304431946601
0.01025259478957442
0.07896978662020775
0.0923515010074463
-0.03633065590582747
-0.0001202428776586606
0.05350547066771768
-0.06125683744084623
-0.05363526469447245
-0.05481433934324499
-0.01502550381709953
0.1187297990373757
-0.08609867305498971
0.10424841888303
-0.1275321824179086
0.09101003638941532
-0.1950702378491369
-0.01059351609299582
0.07168737538054973
0.0006372550118385169
0.1082873980020813
0.0361104797789235
-0.07738113514711714
-0.09445319845883231
0.04401424591781306
-0.03180636642148449
-0.1342465499101842
0.06016522100983222
0.1018702801245754
0.001868522837426096
0.0839415565105279
-0.08928533403873407
-0.0322121552173183
0.2627698575371796
0.1259988125996762
-0.07978024726930848
0.1882677223903311
-0.1211565920149884
-0.02703675559857161
-0.0421862294641132
-0.1316321223273386
-0.002585335321623314
0.02065979642232859
0.06931320601224188
-0.1081709838032088
0.08944855644196049
-0.06560785836763189
-0.02952637796979852
-0.06538437115888752
-0.08619401641068843
0.01018970149369457
-0.1027457953939797
-0.02394469385106948
-0.1198722849779634
0.09598800964636786
0.006533323074107348
0.01610288326603867
-0.09821067594714263
-0.08584492135449767
-0.01951752542292872
0.0735800289178158
-0.1018781283924994
0.04530215755750039
0.009273651310415194
-0.06512347273892771
-0.02275255199716191
-0.04522266739405234
0.0893412679594603
-0.0002927063365188824
0.09543016468135311
-0.1257716072300822
-0.1627236201429511
-0.1057313506146789
0.07564418182104654
-0.08320445045699176
0.04086060019661547
-0.1087854881022193
0.01312262341250467
-0.1339058735033131
-0.0538421487222243
-0.1586756679390979
0.01611445560401902
-0.03145828989067443
0.02804457614859824
-0.1133674083638234
-0.03135562995539223
-0.07316251089821885
0.01932268599032366
-0.1160112142855475
-0.01370830907561202
-0.07851322332847188
-0.02420819810527745
-0.04941346268677866
0.03417651598506744
-0.1315997474228457
0.1512165473182204
0.04953300637391044
-0.0206410968542896
0.05148803031189671
0.1245245742687946
-0.06027122094208477
0.07551715929623092
-0.01705004587652793
0.107626857311627
-0.04797764273669276
0.1287240193937746
-0.1169585851205613
0.08372163217246323
0.1083832262670324
-0.04703060422969355
0.06846749671089482
0.07930565609748277
-0.05574545164063605
0.01295157997237485
0.07912391906228242
-0.04106182220872918
-0.1134834688973326
-0.008480002617262819
0.08192410710380985
0.09704520190710318
-0.178012333690181
-0.08036503510928428
-0.001917484234089564
-0.017452189598264
0.05563798706718837
0.06845605488455866
-0.01759045514067968
-0.1189934154948322
-0.03536574351640828
-0.1122749686839867
-0.02095576968575977
-0.00386000786269979
0.02171179525831245
-0.02763254910149194
0.1088584749463823
-0.05542935527412529
-0.02433206487178077
-0.079495705517901
0.2010959927183962
-0.07158639452035576
0.007749025272987256
0.05430829875470553
-0.1023945365708417
0.04324454968758273
-0.01075710576856859
-0.1015739511401018
-0.0226821700843911
0.1630516517389619
0.05388890174749739
-0.00249165190071694
0.09274007663739493
-0.1124572840716148
-0.07282720498989631
0.1719127114956457
-0.03923540506528376
0.153358394845513
-0.1205326203480994
0.01871694799343117
-0.2280801974519776
-0.09728355808084849
0.0201780229680253
-0.1815890729027624
0.1260181513673111
-0.008050395802439984
0.06136693343139219
-0.04130388833982798
-0.06491690630171823
0.1910362951985478
-0.01282166586755696
-0.1133014552323935
-0.09547279227490199
-0.1095413499870059
-0.06548707323540405
0.07004418507831059
0.02444141532012778
-0.2660950042287343
0.002383181756761504
0.0002270343796293185
-0.06067833492533183
0.07042221129673715
-0.1348111060961662
0.0652076533890671
-0.1963943419013802
-0.07274128392226088
-0.03511042648057298
-0.08926210375112023
-0.04106930126124792
-0.01831873852148257
-0.0543496124291019
0.06394680233827071
-0.1088426915063076
-0.1424880035319016
-0.02499951218924561
-0.008881953617689925
-0.1241012733129847
-0.003611776526100147
0.0992574018780172
-0.10625772049493
-0.05679994810431292
-0.1919105930234815
-0.08652239388038666
0.06088676697651688
0.1303165982187292
-0.01477512023147235
-0.1142341146112846
-0.04714336472042902
-0.0001376603099502434
0.0644382621210362
-0.09306427766020053
0.01308061609684839
-0.01879100142289744
0.0932894733780419
-0.07717060951048879
0.1584598988378326
0.206684048002628
-0.0873205182066899
-0.145373408193395
-0.01865089278043542
0.07266765999625245
0.1075176675251129
-0.005041808876609108
0.05788786488565932
0.109906489096321
-0.04196106072419473
0.04305428655520284
-0.08860910483473157
-0.09495989973844914
0.01560413192922975
-0.159518597909513
-0.03264640686366904
0.08525309451753921
0.06347954643127354
-0.05780660132291776
0.04757957358485552
0.1610359208769236
-0.003430228226006022
0.05883525542145869
-0.004214864549472484
0.003487671919984055
0.1253790938112189
0.08363798549039191
0.09446499956564043
0.1443317152733855
0.0784353955461197
0.05860243560819843
-0.0742326624933444
0.1186498367062303
0.1470942984153956
-0.09452224539454891
0.0187736247320075
0.07559597706477646
0.02088232568170039
-0.06755673747240613
-0.1829300401089682
-0.203284127973676
-0.09666146895748251
0.1014262693938349
-0.04535383245352125
0.06387388893715894
0.06488051819441709
0.05901590543668039
0.02297638335764255
-0.06359190391173593
0.07485920834109766
-0.1200129368900416
-0.08100411788904359
0.1063523703198016
-0.01512128022147265
0.1292589455512114
0.03493760818000697
0.06300260529563187
0.2655153477038189
0.05240727575233326
-0.01703925979033914
0.001197562113552201
-0.1932478627486525
0.01387689071598558
-0.148789673035291
0.0131796979472648
0.2317957192542291
0.08369891338892971
0.0553756410061725
0.005045217261759811
0.01701081235596978
0.1352755579849833
-0.1097256074318455
0.06228030368308731
0.1566936356649515
0.06730663957739504
-0.1367341327034742
-0.2046976349033842
-0.03772144879077532
0.02782384345067583
-0.07617887132869572
-0.02410016787745391
0.008454438340837483
0.06417296609137299
0.01437454132795652
-0.1328050938414393
0.2713894140805274
-0.04664865283475123
0.1073894520817402
0.01280689920708854
-0.09652952003570238
0.08533031438789371
0.02350342933181928
-0.1353834256507807
0.1605256438967194
0.1707212933452579
-0.1998894977976922
0.09787683617239466
-0.123213691216165
0.07958494592515192
-0.1285794736579644
-0.03912135395038172
0.04070998774991715
0.004912745350672157
0.0626432054543017
0.138802147223935
-0.01757813452101894
-0.05060327209385401
0.0505084996135238
0.180559648540016
-0.02141282888547773
0.1052084398378391
0.06981548702831426
-0.08488548043272572
-0.1043699504174945
0.1833899123459433
-0.09821918407080725
0.06257708789057055
-0.06532698464212691
-0.1244110753183078
-0.0282972361494504
-0.02497568192710359
0.03184993938705659
0.1276981579744129
-0.02154599292237375
-0.02884673719091492
0.07626808531445545
-0.1533441111455356
0.05516898817650512
0.111074680891286
0.04067425778916139
-0.07132353664107971
0.01979216351434393
0.1115060338880001
-0.05661807176172675
-0.09062999942516939
-0.04005313456231677
0.01984519179128446
0.06815187458187229
-0.06572698009672898
0.1339873819612826
0.1341178390973707
0.04352181274596657
0.06645170073442935
-0.03101363249549526
-0.0005833380496226333
-0.06640112582076019
-0.01761159049418782
0.0324832262938273
0.03216754255995041
-0.08249255203319326
0.09121870771756925
0.01133701237352668
-0.07729214353843904
0.006603887261981564
0.01025260577606475
0.1187514517994418
-0.05295901107096444
0.09529907266067164
0.001128527044785868
0.00970070382223019
0.1987805713095183
0.01649232518227196
0.1104257723801595
0.0415411168568806
0.1657988314964054
-0.02873834508285015
0.008496431420148956
0.04076759082194141
-0.09060244072822961
0.1071286154876596
0.05048254312078312
0.1006850975926694
0.06502637422029303
-0.0004156547791469905
-0.01911144705222488
-0.08414108881491701
-0.03868805770600613
0.0702790957124555
0.1274046270457163
0.01384298076333086
-0.08280943641916673
-0.0005671070394831492
0.03667774896586429
0.1201303115903157
-0.04377279391643782
0.01620952152909176
0.01146246247412827
0.0211867762426171
-0.05041338310042047
0.06853617388098818
-0.01097667212387875
0.0002117082695607311
-0.05754901603586553
-0.08030862017101151
0.05866896266948397
0.1250409141940659
-0.05192802547973331
-0.01716405049886626
-0.07469390772015662
0.08788150448203168
-0.1176075114882583
-0.01310265070970284
-0.01493828511130712
-0.008389961789280222
0.05818136131865458
0.136882564663695
-0.0729038465853914
-0.06121802743691673
-0.007889443166591036
-0.03106456025498765
0.09970430615033535
-0.1179008566020277
0.1376290333042207
0.08577798651474339
0.1321815931304146
-0.01098099115751119
0.1158758544317596
-0.03151055793482188
0.06657578831552896
0.001952164844753864
-0.03787068279439821
-0.1111214327933314
0.03314712566290381
-0.1061224720909478
0.1117762660547912
-0.03408097350233392
-0.04067428945397411
0.008746857309319459
-0.03488766423274187
-0.008513191637435675
0.008247054616929969
-0.163327655348614
-0.03971869121211405
0.1787178223095476
-0.03279183914125174
-0.07633444996065897
0.07318605005111753
0.04282142501640768
0.03183214472497077
-0.01335872835856659
-0.1071715411137191
0.0616029835768917
0.09341510238412493
-0.1076299530575847
0.09696165851430244
-0.1223063918635332
0.02003909959376769
-0.07168673473223583
-0.09597898159539892
-0.007052751662234078
0.06620153650505797
0.01627415416720925
-0.04972852886312113
0.09403362707767138
0.0004683375655345455
-0.07900821420272576
0.07501425534456578
-0.05832220412147815
-0.1650277742618207
-0.1367451811141308
-0.07865179685292359
-0.1422974736968698
0.06570006496966641
-0.0009316387642847321
-0.1291073302944068
0.05354619972783056
-0.0227322450608311
0.01846683970404748
-0.002984475459240889
-0.06915960764099521
0.0568079873607988
0.02006408565554472
-0.06585245127879151
-0.07429039603636285
-0.00618784001441273
-0.07404031488377792
0.02838070765406826
0.002140648441824713
-0.004751450600691943
-0.04970661949634107
-0.1132953353840536
0.09369705573160285
0.09537427863777101
0.1442437566542662
-0.06793558307212096
-0.08648742081280286
0.1133737856488069
-0.09829380663536894
-0.1005787745817481
-0.01624826642451364
0.07701263244881561
-0.07696372022795228
0.2104438756299836
0.1125099654476286
0.000324371016218173
-0.08990508290888967
-0.004623605097139121
-0.03091772947403783
0.02418890870960417
0.1997734277734543
-0.1420645581314582
0.1288912330105083
-0.04795382110115537
-0.04912965190899898
0.08412212404236707
-0.0267475372038893
-0.1178093859892642
-0.05939293808158294
-0.04830657513509108
0.07654279421690185
-0.007751578918697202
-0.08902018666939708
-0.07110503039001226
0.1372129089317323
0.03098185276610217
0.1881454177046681
0.01210779088362282
-0.07217528934996223
-0.07620387808336058
0.1408148745250618
-0.06713139266312342
0.08186694105728276
0.08073823722969881
-0.06615870243326782
-0.01191094366878187
-0.04578235044632364
0.05392227454459296
-0.1089256576753229
0.1346596524304935
-0.0568058192653841
0.001022024342660215
0.05582712979629829
-0.171531673761258
-0.1117972297725521
0.06803090048540086
-0.03946113704444037
-0.01622060984818868
-0.06111459381620571
0.05599586555888302
-0.1400036482392024
0.05571580434831085
0.04611388701265456
0.1622973492205798
-0.05403696012725198
-0.0470939966302438
0.009248972007349355
0.1824681653622406
-0.05843391837637915
-0.05533024762846597
-0.09112454747801478
-0.01835889056945363
-0.08817711633919123
0.04170857303466863
-0.1562021769400155
0.2299642852739004
0.09017583904495141
0.1166645778188859
0.002460021448913847
-0.01273008479019685
-0.02094312876946749
0.01849100477489224
-0.1415043670886338
0.0497766507829813
0.1340258137955191
-0.03838061309624426
-0.01650933741970139
0.1482913024886942
0.08697700211337267
-0.01299739847615564
0.01714518873384933
0.1161820702433043
-0.07736445973085969
0.08237675758164154
-0.0526275794268601
0.02250078154588313
0.00440082894117016
-0.05771010727411797
0.09276426385248981
0.07646769000168345
0.0964864679180919
-0.08381076892683023
0.1377346370735673
0.04028172647973995
0.03300156116935694
-0.0936367459069736
-0.05650148761916224
-0.05128073833123092
-0.1183078232909855
-0.1364304917612287
-0.0693498940081254
-0.130288487383819
-0.0825124528481111
0.01949615059556187
0.1199890103336104
0.1252436389521983
0.002327140603106662
-0.1447743269979354
0.1246434609383211
-0.12606699049493
-0.06451264869613503
0.1064274058268502
-0.1483211958057916
-0.02069570945636435
-0.04724723014869068
0.06158325668895381
0.02715647725181315
0.08149733542148574
-0.09905794933617933
-0.02819176342951267
-0.1789977621093505
0.02085952721743923
0.06855910431612072
0.1390375967573831
-0.07330105130778321
-0.03601735919569261
0.04760132136806385
-0.006212176689003604
0.03347176997642061
0.08335135217479755
0.1031920167494806
-0.1930309279627851
0.09828072925603698
-0.005055149452251111
-0.04041757098837396
0.139712616160021
-0.03882308490121138
-0.1060644820164622
0.08507914483799563
-0.01123468153009937
-0.0349605463792295
-0.06346094679440556
-0.01846679748620724
0.06156081618000409
0.01951302505370242
0.0648776502286878
0.1119757323534519
0.1735361692821576
0.03666363827392066
-0.09751266226921836
0.03807944275040295
0.002589292328907047
0.02721993424337834
0.1417408978533412
0.03613461936711707
-0.03775502764364809
-0.004153060249734042
-0.04514030444420457
0.02366601822748555
0.009318633874720574
0.1191761942024613
0.1222306040676415
-0.05474844632537169
0.07667606825698636
0.08600633025205713
0.03866901373748212
-0.1142037446700761
-0.002804946486177093
0.04535004181755003
-0.1087323160045172
0.08951857369892008
-0.09425957519847809
-0.06701148299134858
-0.004249355812699545
0.09891462318722147
-0.1711840057810658
-0.006024935208337408
-0.06865510204112174
-0.1476252754842722
0.1046941403112111
0.110291083561723
-0.1144131568414421
0.1048102054403812
0.1679293242059075
-0.009314364335828699
-0.05869435018099156
0.06745589886305887
0.1250714530540544
0.04534178217088657
-0.02793609446647072
-0.02334312341659269
-0.04394899752218164
-0.04266539324089327
-0.1099469778844588
0.1006617202127644
0.1198194086620553
-0.1757250582744688
0.01750648745802955
-0.01792268776289216
-0.07434305378138745
-0.1882475822607893
0.1715884179828496
-0.05781777454835479
-0.01010597084360697
-0.1788054732280321
-0.1975415384151184
0.03312593778558909
-0.08417755435427293
0.035620981399439
0.09675456293392655
0.09058281063608146
-0.1103371677070119
-0.01046911000210694
0.03933594188068984
0.01763809775652526
0.05119260838473683
-0.05202725911288066
0.1055145863101594
-0.005150343242734118
0.2506884654340368
0.1011082867068718
0.01198518121519803
0.0172396785839851
-0.009125374234715673
-0.03077446729666384
0.06223095773361553
-0.03523407630541664
-0.02795280271539794
-0.01305564452494454
-0.08911763502738376
0.03686440239921907
0.03544190136990855
0.1369818517572593
0.07340700593881395
0.1191992758063763
0.07186341604328098
-0.05076341727179614
-0.1304162468118893
0.127388472588115
-0.0106231519695693
0.0003678619419204814
0.1040342641550687
0.04450340848053144
0.04471353221412749
-0.0799014473310329
0.09438423104375739
0.1391328039752755
0.04323256783120062
0.2039158257402195
-0.01273638136559395
0.03411149247091107
-0.1226952000700294
-0.1745694323352365
0.1380539585484302
0.004172467833783321
-0.138554976965869
0.1946617116316042
-0.05806791625138068
0.04766166316509154
-0.03431294450611065
0.02278205130792953
-0.02032241211442376
-0.007216908150861411
0.07215176675820439
-0.07593034036860923
-0.05579966282568544
-0.07953169761815618
-0.08162757841266657
0.07636028918238308
-0.1155675486340064
0.0283558211201974
0.126527994088668
-0.07056570393402879
0.08015505100018762
-0.2233196227211277
0.1124563783183371
-0.07886893728357611
-0.02379957638337656
0.003489850879553553
-0.1002997985217005
-0.132791096175815
-0.08148506669010383
-0.04747976939949658
-0.0363994171138364
-0.1155412688998065
0.04800207384556589
-0.06758965596118578
0.1817435983879847
0.02766223345953655
-0.08600008938276474
0.03846042872985621
0.1968312195626837
-0.07297527675457524
-0.006670349603584569
0.05836323584964515
0.03568418581900198
0.08164580976131547
-0.07875788669741836
-0.1950612421441801
0.1685166095649383
-0.04262763346598422
-0.09685341511426158
-0.2456778518936317
0.05693571837286947
-0.01643703459571656
-0.03057995780532781
0.0433047308546164
-0.04539682599443802
0.01462332347003594
-0.004451252443579153
0.05841077671348237
-0.01967310709210763
0.1693757040337129
0.07593056302494694
0.01520465256761096
-0.01117269040915382
-0.01415154235862871
-0.009722430236492746
-0.05716964851499353
0.03964142048966902
0.05685898254294364
0.0560431745145032
0.04375212996751071
0.07920862947587298
0.01558481995066871
-0.2411495437376336
-0.07487298838939169
0.1535412292027622
-0.09846306882797885
-0.1530722552424518
-0.01424176058427717
0.04168268271290926
-0.07425054573717477
0.0383185241824229
0.07514153034466403
-0.07632390856556813
0.02697756707727068
-0.02174877918882082
-0.08818633528964091
-0.03489947825310642
0.04721170201646163
0.06360902038941896
0.02114187905066845
0.03422528683820496
-0.1050131481110834
0.01211842811098129
-0.176877944134244
-0.01385203094626311
-0.007131046558886527
0.06053268489473981
-0.07214123268404983
0.1211542053835525
0.04453515891629512
0.04732765059286603
-0.1709136044775523
0.1519596606984175
0.05204448294249035
0.1523536005917736
-0.05689789846802738
0.08370702562127823
-0.07117777477530927
-0.000289267303539007
0.08710187212586178
-0.02796445208091942
-0.005891645787580449
0.05756860044685384
-0.09262257861996961
-0.02189020168538763
-0.1137485424407995
-0.1001261928936195
0.0830115388686137
-0.007950973861642993
0.01273098377109441
-0.1596682196709168
-0.05778448793618153
-0.04789008723621584
-0.08120484171087783
0.1115474911310394
0.1221366439641113
0.158147586426618
0.2656277275589111
-0.06553284818042139
0.03702957131140064
-0.1494729590659342
-0.2058402148456469
0.1409990456961383
-0.1721023696309516
0.03830251629498735
-0.1849024827385216
0.00524297412652129
-0.01564334502444857
-0.07125891670977262
0.09281947775809911
-0.1152459758341231
-0.04884303889792981
-0.1122289134510645
0.0402281576979145
0.0590798484808912
-0.03886516976787631
-0.1296041229331002
0.02047469951088409
0.1346923891579808
-0.2610422336389254
-0.03263742261757308
-0.04624015947104071
0.02966434971444368
0.08308633943756075
0.08130155345954107
0.08265473583507774
-0.02558739798035009
-0.08723101399762111
0.03362091921735614
0.08371102821456801
0.1016178356136133
0.03797941336612469
-0.03356803403606656
-0.04080714411972877
-0.08427341534532806
-0.02084177094685112
-0.0128397777892541
0.1782886601746176
0.01114137886429275
0.006894841987995582
-0.01302650900327705
0.06224020632911607
-0.113530206561352
-0.0004696570567690201
-0.01709033050189172
0.1013845591771846
0.1943465411617375
0.1273404796714958
0.04036161689636752
-0.1383982484610219
0.02307145263604652
0.01252144139553938
0.06045921796907627
-0.189074015754435
0.03258552247109887
0.0279813975182671
-0.1168922373107354
0.1002184801673996
-0.06507530653126162
0.03721461431867559
-0.05956663029355416
-0.02329806719346268
0.1545974497382898
-0.1797018330498732
0.007032291159380883
-0.06538423898990833
-0.05263405167018173
-0.1472819122868031
-0.06643511559946987
-0.1012555469103943
0.06804744445116377
-0.09198499759711654
0.02530219606788455
0.2534486987262539
-0.1251249283325373
0.1806793269465064
-0.1161202281850635
-0.1468106264998597
0.001250339379618402
-0.01907856065630115
-0.01080330356297071
-0.07706881693841854
-0.0403135930629007
0.2600878694414953
-0.1027680384212305
0.1471220450296711
0.07565977213835128
-0.04765575526171908
0.04439302580842228
0.1389509670146338
-0.01785076309222842
0.002972973283659535
0.08035989220610631
0.003643612921420424
0.08332192713064757
0.1040611157398076
0.07497171874976626
-0.01632678866939468
0.09564591585238361
0.02098391642276742
-0.0786854175556481
-0.05504600716324391
0.05607963574678666
-0.007564944175524169
-0.08252277177923122
-0.02655328550150437
0.03884226836794947
-0.1542479322503379
-0.1980812071984862
-0.02146275805047716
0.2024266152805145
-0.008684819924070509
0.09363672439568721
-0.07518708792356173
0.07464234237881164
-0.06959909076383694
0.02109510009081158
0.1851641354515819
-0.04640652008066568
0.05825501417981797
0.1411018044251605
-0.1281750837399983
0.1288674654852024
-0.07309940059744664
0.06957518052115907
-0.05141958098944619
0.1408096868814154
-0.111486455630351
0.1165522660299214
-0.126476725853107
-0.002935987701748582
0.02810870286425485
0.1866664201423433
-0.1124730841067262
0.01877511014555398
0.0291857821154325
0.06916188133656355
-0.1834836178149102
0.2218480268108561
-0.1490902601925413
-0.05711639571662563
0.03759144615243833
-0.08378356027245222
-0.1065306907154126
-0.02442713478601045
-0.01136937342287418
-0.05801049760655561
-0.03420654516681793
-0.00895613835035656
-0.08401278881805978
-0.01579734297910042
0.05300226899446443
0.008856006710368505
-0.04341835805199989
0.06109525829410063
-0.0115203406362491
-0.03607137905549906
-0.1072400230891076
0.08536729481372021
-0.07026619731457243
-0.09755327319371386
0.02111795009540936
0.09429502195621406
-0.1787913650368259
0.1639549361632911
-0.04022485665221784
-0.02563274474698866
-0.004931367762538474
-0.01578466744715352
-0.06991869981857093
-0.1292238608642113
-0.1396518915190485
-0.1596722214728101
-0.08591246690625845
-0.04226574010271821
-0.04742154822083015
0.1170571212878758
0.05876374850474136
0.0668879402257012
-0.03242509842774923
0.0436753618572575
0.09612144668395543
0.01583527123294099
-0.1479123689003095
-0.02187793153955064
0.01056587246292042
-0.09778135961179135
-0.07636616463522851
0.04826455350626013
-0.1521822526666078
0.07568791612428148
0.1664795402492741
0.1775584597698613
0.008628114128814013
-0.04567574233214363
-0.03391930684589957
-0.1097670169369912
-0.07583585024509226
0.03161126587300648
0.1368538903284157
-0.06056465297276756
0.01819684252491984
-0.007358301536997462
0.06685184346234792
-0.1367714915438046
-0.127766187675881
-0.08486032007427474
-0.1400598832939623
0.1341516387185162
-0.01562520091751976
-0.02793179792319471
0.04082470134784024
-0.005975047761208998
0.07853567500907638
-0.06014413161033098
-0.0302116221602074
0.1185410232885919
0.1939441964594891
0.0329578818966229
0.03338199091278974
-0.06292832119746168
0.02175798218169032
-0.08854279198298397
-0.04821728518559119
-0.01839945070368387
-0.1044889158095727
0.07571154050962579
-0.1705718110197855
0.05782817305550773
-0.03535385924253946
-0.1306435393675812
-0.05379848749447275
0.09771111107248237
0.05374287803147422
-0.0721540631466643
0.02055344860491184
-0.07814690993625321
0.03467016373623816
0.06983369183871414
-0.08549983149037005
0.05714377543997712
0.005308779229642874
0.04659004754799
0.009680393586277689
0.1735196821493993
-0.007477575996518093
0.06104664616200925
-0.08887890685485264
-0.0873663748391547
-0.09016591352056845
-0.115214313907383
0.06176386548737579
0.01376710405079264
-0.1067961327577623
-0.1930458300010593
0.05060575695449728
0.01747190352873246
-0.01767432348359458
-0.06354604267324854
-0.1080316232907178
-0.05556664031235017
-0.01613897340031296
0.03854630997674786
-0.05110891632275765
-0.03232431125216394
0.04249031039653191
0.005461824468292599
-0.06718045556984828
0.09395918479614164
0.05584878745174696
-0.02072645753150717
-0.1697498485947881
-0.03948109540493097
0.2048847225234387
-0.01814950682026483
0.03033469224515796
0.01107775417923287
-0.001050492406729131
0.01953115193040201
-0.01272240986004262
-0.03101882106622406
-0.1308940796034499
0.1283431832769361
0.02712331733125249
0.14518452468723
0.003217056271483675
0.1171596709968317
0.09004455408805796
0.04892565839703853
0.1909812136278933
-0.01327116575241509
0.04738033040595015
-0.1918720735721195
-0.1197889912514496
0.08294920776549869
-0.08922663935756639
0.04139694626084098
-0.1106203740154336
0.05242121812897231
-0.0155957430018399
-0.1773306213095441
0.004256577567874877
-0.0923192370136612
-0.1678030030011359
-0.08934011512536952
0.02542480491658458
-0.1077137422894167
0.05647152256223748
0.04655482401871169
0.0889159583584077
-0.02292722668680719
-0.02433867804205834
-0.03012799005548647
-0.06481639795584265
0.1074814122581903
-0.09774925856179746
0.01159009417508402
0.01048374649804893
0.0363469493081412
0.04529740488409695
-0.0002107508063128208
0.04172783938810445
0.0433940777800839
-0.04541205471262526
0.02723735197998076
0.0254681235188461
-0.1072281067973071
0.06140258310126834
-0.08071293834965185
-0.07005815952766151
-0.08457503867161009
-0.05397468128744411
-0.02487398259085056
-0.07911243459194309
0.009575779086425876
-0.1002895188440241
-0.1164322577488891
-0.175689736133948
0.1232831258633192
-0.08363328198977053
0.07946777834815195
-0.1294200088939596
-0.09654922009510963
0.01340652230727258
0.05878364638326088
-0.04826513115914798
-0.1495677288404893
-0.04166805383288963
-0.09160767063796815
-0.05467308248686983
-0.007902762998199982
0.02561297470531137
0.02372945400483692
-0.1069858230113159
0.1231229394431997
-0.1770016111776198
0.01395507997956143
-0.1117108251716205
0.02933275419999481
0.02080437458979778
-0.1185916422158873
0.08509726690630076
0.1598776777419235
0.05996841778115249
0.02350401748995409
-0.1254403604915743
0.007856206020326249
0.05337937400559677
-0.1344447711963778
0.03147870687018681
-0.04416733585235647
-0.1084957995617597
-0.006783041999730284
-0.09684622071946003
0.124686038409808
-0.04590036916197889
0.1498365787621915
-0.06652929904216465
0.07577644241447658
0.004247486187583589
-0.03019855882703682
0.01289655459882186
0.08460854523097983
-0.02184659461356037
-0.08730710594975942
0.03221925424758997
0.03758487313144595
0.06640746624030718
-0.08465280497115547
-0.02474202357625231
0.01867837958071369
-0.07621631566436833
0.1236442268916804
-0.01701677668400538
0.2028301405330189
0.07155869894448658
-0.02960873541146108
0.01677246489464116
-0.1183530662683987
-0.0677630905139491
0.0384569159336289
0.02418101339074042
-0.0968672121947052
-0.1361723407608153
0.02975499402663843
-0.07171900217711204
0.05328522276098994
0.07855610169547687
0.01771582873250667
-0.07258864463834822
0.1767122093559413
0.01344298313029504
-0.2054316208074709
-0.06903767235473282
0.03145716998557276
0.06295604769685324
0.08063932866152984
-0.07947074027414155
0.08180419896166756
-0.1034096066529428
0.04655526016751606
-0.01640306558309922
0.0285997507799195
-0.03993777380995743
-0.02175135244308957
0.08369542621659128
-0.0204608152803894
-0.2356671156915567
-0.005074284447104176
0.1117185304449023
-0.09655094687479181
-0.006721255421897572
0.1319366501984713
-0.1735671668853767
0.04714063285050347
0.03658743193584094
-0.005245107286031878
0.03800421789406171
-0.11238707089637
-0.1240320964802726
0.1331237270782278
0.0291497919639014
0.03685303387148284
-0.03634998538862181
-0.02653768617515252
-0.06946466503667387
0.03771699381623628
0.06594723835754399
0.03577842932049699
-0.01492921173787543
-0.01019871561896961
-0.06654190262616774
-0.0248523292439626
-0.002323804196780486
-0.2129527554922366
-0.1592205804574283
-0.02934890527677528
0.1414180389325692
-0.06900451178965757
0.0520734949209446
0.06439553177054569
-0.1311188909667632
0.1248825155542168
-0.1125424129391837
0.04233980465864303
-0.002199748408512037
-0.03443270886904942
0.03807242357839583
0.09274891684307643
0.07272365991742834
-0.1000134977984876
-0.02983072707012023
0.01564405131746487
-0.08233664260729993
0.01088243402817958
-0.06784485232436874
0.0931174919453823
-0.001229381595531239
0.01038595712151338
0.04911159107889802
-0.06523472678006322
-0.09724492784104508
-0.01888513576801001
0.05185915752944061
0.01268016499321563
0.08043377798142562
-0.07870574634074333
-0.01612440137828986
0.00792344724015823
-0.2147401535832751
-0.1793511652273821
0.02014107942218211
-0.04934338369494196
0.1031349974426968
-0.112891557636815
0.08901832281324569
-0.03881530464567785
0.1147181760307449
0.02296281817639735
0.02584758504474383
-0.04901492071433654
0.01926462504010208
0.1268624558398277
-0.06378254278066442
-0.02011322476497034
0.08600062752002219
-0.05743741736102705
-0.05167800485782133
0.1857204181400805
0.02116447471149852
-0.02130003037114356
0.009910946374139072
-0.03598167377892059
-0.02721960985970545
-0.006736664421846382
-0.09511478267615682
0.02866214428968418
-0.08021492136813287
0.001994291595710209
-0.09595846029182381
0.01518175886858911
0.03626944264010477
0.03229940126280542
0.04217050300621004
0.02984586600201354
-0.09618233618177399
-0.1171007065903948
0.09835847736936731
0.06248711267876002
0.04730524848637771
0.1142106684828805
-0.04481702524169568
-0.02551526440587144
0.007260804752516836
-0.04835077744513182
-0.08717011516780794
-0.05302162807720757
-0.0424504780959758
-0.07991254966126102
0.003470830810709159
0.04202562663892675
0.04281378454964573
0.04387685060969243
-0.03536978845026193
-0.01861841772942094
-0.03857291573877857
0.04562496994079799
-0.1330522144465784
0.08401725237082533
-0.0001262153848252878
0.1227978576692082
-0.06892506562998522
-0.05772080037605677
0.04584854019808034
0.001524283979615391
0.173587024197859
0.161705895721435
0.04147708987301788
0.03825016603021409
-0.0160650396349108
-0.05124512794769258
-0.1496790937051929
0.02777875979493272
0.09679392050334952
-0.07599973336365226
-0.06904285427334199
0.000240000046234714
-0.08609432328332786
-0.01644981130148248
-0.01426048030409845
0.01575440995654926
0.04361665895357839
-0.09440680062452195
-0.01816737844596793
-0.133697503829075
-0.1315900167562576
0.02675354002112829
0.01819095877641537
-0.1247048809763225
-0.0226677852149776
-0.1093213250637734
0.03053039831723727
-0.01327124844358897
-0.08155928553076511
0.03180555531659758
0.03592309218016115
0.04844290307330203
-0.03487559787881619
0.1174885351897816
0.1494883640175651
-0.0627653719239096
0.1382333344306281
-0.06082783299782605
-0.01910866581169762
0.1803987209427464
-0.120576736651625
-0.1118997329454371
-0.1460791997688656
-0.07066046246797006
-0.01050998312110341
-0.06192031079736816
0.04249166774777799
-0.0940983920833019
0.03855364198126709
0.02027220742096304
0.1221666786939849
-0.1204427460142197
0.03548515441361851
-0.06408110445643103
-0.1238658530008657
0.01963481409839293
0.02505914350903081
0.005923493118713324
-0.1107432511228674
-0.1035006699741697
-0.01827792026530075
0.07939263409920966
0.02327059936839781
-0.04155116872762971
-0.007697507957440202
-0.04111007822530199
0.2398497694240968
-0.1547280463906295
0.06535700548320397
-0.003104820957290977
-0.01084379667027859
-0.1140713405194284
0.119791892806632
0.07588530290059724
0.1694766552340808
0.06144708675517769
0.00250436416383318
-0.0925935532339727
-0.1194886169437026
0.07210046059784959
0.08239260664183835
0.05681676784549342
-0.0184462632951297
0.1618034101826012
0.1582306205238827
-0.06163303141671847
-0.1435556374633453
0.07973223387467827
0.01321583321226886
-0.1567562291547253
-0.08008189454983887
0.08962367741135371
0.1449734212976202
-0.1587190347114604
0.02247097989193573
0.108676859867927
0.07367588025602069
0.08477381215660421
-0.04720768812997139
-0.04238156141346094
-0.04449100756430782
0.006278835908715023
0.06462172034016685
-0.04900574216232049
-0.1045706349820341
-0.01822276655468124
0.08214499244678003
0.07601583416106032
0.1230411921877944
0.06389037485582207
0.05439422252766698
-0.1119976693819105
-0.09230722168202382
-0.02615435984647463
0.004422846613665442
0.001110480095743771
-0.07143146667904225
0.2022540586760962
-0.02142778677553529
-0.1180577480774748
-0.001055696016158144
0.09473896377435626
-0.08435504143619267
-0.09503432425259631
-0.08897551503447214
0.1187946081621511
0.01820423762707547
0.001542899048467778
0.1249773339365352
-0.08643742641874214
0.09767209541285631
-0.02963799591054342
-0.08681108018614095
-0.02052053465195385
0.006589780451805075
-0.1099046502026017
0.1318127620794228
0.06779527359562799
-0.08832392449289556
0.007908838249691599
0.03523364203482163
0.01945321902687969
-0.03297053430585354
0.06673993384707134
-0.01154270518398601
-0.04406991191430665
-0.01062767443767711
-0.02567039515320856
0.000364427476397566
0.1011809995799447
-0.1438577489398539
0.04589004695244112
0.02067090725951753
-0.01493441269751157
-0.002065918037529721
0.03471604713234037
0.03075322746249398
-0.04462618712056252
0.03816527074905281
0.1201027191921453
0.1226568058520451
-0.2644776224966436
0.02504383901454284
0.04184442481801741
-0.05501935319184306
0.1100381186965488
-0.1271653861321482
-0.02290687709720431
0.01650862539897971
-0.01939603104350898
-0.1006205113381042
0.06833101529645881
0.1123209671164695
-0.03090576809549014
-0.07860494999733197
-0.1297293316922632
0.07776682300745522
-0.1115789103043941
-0.004877433105109377
-0.04203002751580254
-0.07989815805352163
-0.07957159178538603
0.05646228737789462
-0.1066907302071212
-0.03200369024092181
-0.1406313331608543
0.02667543089724871
0.07990102594836243
0.009877392396299055
-0.003155797041348083
-0.223785140010022
0.05229912820900855
0.1131665967171629
-0.1051240943834016
0.08684972432366457
0.01712342730223154
0.0287818342831033
0.08038013966071354
0.00652262527864724
-0.05927995107532555
-0.01716800049415374
0.08769815040864974
-0.01319995816827122
-0.06053539802424315
-0.0453167289931393
0.09729197846943223
-0.09341702389236292
0.1518953907706183
-0.06476705971808967
-0.04638113785623366
0.1153307110074059
-0.2051711237004198
0.1113333144999624
0.07447218114199036
-0.002872546320557303
0.07807973503484539
-0.05871397108776095
0.0535886763742433
0.05306565457820318
-0.1719493753881717
-0.04631894129156547
-0.1252983387192806
0.02360708959037118
-0.01022410189640711
-0.06595987690977966
0.003636403601148785
0.08981227767351042
-0.1113896780409178
0.09548773813652964
-0.09254712673252634
-0.07688180709066966
0.2042803629033725
0.06231149215489822
-0.04299875855201558
-0.1039801081317943
0.09568302819029131
-0.07088349955601515
0.2052693305472983
-0.05231541758667216
-0.09969383274922579
-0.1289576459911739
-0.09790586132376236
0.06648009385529506
-0.09331369298718456
0.01662294763360173
-0.1363360960362015
0.02593620738962699
0.05005346302087076
-0.01176044455814754
0.1202375019225534
0.03433038623242433
0.06141545329755758
-0.1203729282428983
0.162849934831816
-0.01270264891882677
0.08901205088212508
-0.0486059949876195
0.02073989084905358
0.02249373410890027
-0.05119361654766064
-0.03022450015753048
0.07617735971825357
-0.009229669655930226
0.03077103559936288
0.1043803978632488
0.1663594997009752
0.1762151641874996
-0.06246107786432955
-0.01168122259373141
0.0002327981297769012
-0.1218723720383799
-0.1723822252414962
-0.01354131120021622
0.06303255412455151
-0.1090950804877619
-0.06082034059669856
0.001522957618728856
0.00434669880538937
-0.1776790762138238
0.0408991176174395
0.1631588240891151
-0.01398062187154818
-0.2417333327014585
0.01251184999363098
-0.09939638642565675
-0.1233094594495862
-0.07011114806778079
-0.03416026744544873
0.05626639931540262
0.07652442307395964
0.08633876360387047
0.05894123563024525
-0.09999051552354675
-0.0319658328450303
0.05906113125107169
0.0732830995745985
-0.05151032454911884
0.001452191714556969
0.1429719710883625
-0.01073956447596325
0.1369690862131923
0.06262110263088204
0.02663627649697447
0.07849675626612569
0.0974887681169912
-0.0760815355377944
0.07472178311896409
0.02061356862051046
0.1142328020378141
-0.01686612037270929
0.1008604071617737
-0.08033311438251831
-0.02861937694954507
0.1236434232791502
-0.1019697505800813
0.07659774388142827
-0.08872250006506668
-0.09375692382341244
-0.04828439573631368
-0.04289577865839422
-0.04313059242869147
-0.1203297536725322
0.1475487879870861
-0.08003743823722984
0.006601798399365064
0.005544861588079164
-0.08256634043734282
-0.08928397688024092
0.1472515386014492
0.1085322167241888
0.05369175334536472
-0.0006728101406378211
-0.04370253721693266
-0.1043280179833043
-0.04625929930292785
0.05505515271668417
0.06886132356133516
-0.08268726643636182
0.003197171690749127
-0.02339919755637507
0.1216535377084697
0.02226386482184867
0.01187271642464455
0.0409908255144876
0.03616135617264481
0.1147734057689769
0.03609857517523067
0.0768721624292078
0.03569036147225303
-0.1239229154653238
-0.1115409089999989
0.04579835363699856
-0.2306677080839265
0.14690589176976
-0.03239197842791347
-0.03475726895761483
-0.1292597858119779
0.009327353050799712
0.08957951694102606
0.130452035003603
0.01802896475799223
0.1441690950639618
0.2179915345348576
-0.089907893726829
-0.08194948692038941
-0.101491704320685
0.02532126071456919
-0.03121119251241871
0.1341288611940103
-0.08482365570212358
0.04672363469932635
-0.1060851677741034
-0.1417395334287666
-0.09297114005662532
0.01211499965656828
0.05068561563378062
-0.1700473170393821
-0.04744003732669026
-0.09408547480204452
-0.05818513160218199
0.1298463814662777
-0.1698150162472989
0.135692006699319
0.02468804173327385
-0.0666211837196858
-0.0853743852547437
0.03517934295268677
0.04204609725300321
-0.09808054621366946
0.03866150766421039
0.07071384173162236
0.003457149024668702
-0.009823593213154879
0.0875825308993041
-0.2917600886401946
0.1374677070925388
-0.0255248212919328
-0.08507773562162049
-0.02244117307548122
0.05430127828088521
-0.05077876922008843
0.06698909748183084
0.06585935475759301
0.02215974816286944
-0.01857813183976968
-0.02986495795394474
0.05299771898645723
0.101796752959561
-0.04897590743239329
0.05785192556867449
-0.2150488989112171
-0.08676629141323107
0.09997308405813014
-0.1033156008104215
0.0564650452332813
0.03707955268883226
0.1534262488062005
-0.117212491824021
-0.1911184409930695
0.05005587892758431
-0.05875292434026839
0.09212496610956161
-0.0003099900857340496
-0.06030599768475273
-0.07006342795516612
-0.0004320850893744024
0.1173372750597464
0.008633553350659828
0.09590917698787357
-0.001965110945152381
0.04720856115009556
0.07008263878834098
-0.08940466267747298
0.02726097701252628
-0.01187543458680721
0.02100194581157312
-0.04246156800335027
-0.0609839462875094
0.06825894004880725
0.03361243301355805
0.03588700704899846
-0.1053506151271438
0.03272795573497496
0.03782323438173406
0.1106604452135721
0.006559312422996627
0.05629767492878433
0.02815067797203317
0.0304361928774512
-0.0008553280709761571
0.02633626801546483
0.0521391834274906
0.05716372611838276
0.01600323910503013
0.1803866349437244
0.03925078645455227
-0.06117160505245606
-0.109456710383156
0.006793299008768771
-0.05247467892056953
0.09484031321109102
0.09696992115796037
0.05610706315734321
-0.1224681540245963
0.02560303889284053
0.0745633398403486
0.03092482784273071
0.08594937843564261
0.06458975472310458
-0.2302452225695972
0.1572250041519852
-0.03153741383498774
0.07738966754411006
0.1573888573717654
0.1124774322811696
0.04367668518157015
0.06145272805922308
-0.05238881185663958
-0.1080339112400382
0.02982148891633453
-0.04312375204678507
-0.1381494035148679
0.1191002617077332
-0.04184511260671126
-0.06302227454010642
-0.08301956135564982
0.01155630141035815
-0.0507956838971341
0.1618456288919635
-0.02317950501660423
0.01304891243111921
-0.008906776596244694
-0.1890966735894629
-0.1072157882719876
-0.01301695337761955
0.04931275276749691
-0.001868979161943023
-0.09673397585733635
0.05346336579595289
0.02262480133687903
0.001373937381229401
-0.1005378846587927
-0.1013610692999029
-0.006214158013635269
0.1008692282059951
-0.1359380628351508
0.2133905524612006
-0.0235933087685955
-0.004776982946140639
-0.0498232157768433
-0.1268521185923498
-0.0655761004250487
0.0448045946293336
0.04692508433873916
0.03635969667086943
0.07761177975665173
-0.01078778147027239
0.1731928580182519
0.07165035738541789
0.101412985640871
-0.07285818485987815
0.0005507367564922226
0.0342674057040651
0.09140177512145344
-0.002762553758137842
-0.02554116121598785
-0.1321382611025617
0.04949893985013594
-0.1088982568960073
-0.07099182716747933
-0.02707600478315739
0.1114446740197597
-0.1675151310027896
-0.005875074596490056
-0.07288305852048461
0.09865046737787808
0.1222453182746112
-0.04970266012933895
-0.008106360048976635
0.02244050509918408
0.07842022438989885
-0.09447160322335955
-0.0374816141415175
-0.1090469363296287
-0.0218102978660461
0.06047618236585541
0.06888841054312944
0.1249780251773535
0.04600677456663185
0.03357971738671959
-0.0331377649099197
-0.009666062484684925
-0.01722553188545568
-0.09766401031393576
-0.07764752047733811
-0.1282221748769811
0.153354573896811
0.0483239893730971
0.03103491180232127
-0.06639299856645839
0.02898186339243805
0.05880552904662256
0.02304854812458376
0.1002493265754558
0.1304791725048363
-0.1417225130533756
-0.05702276412171222
0.003012256413016869
0.04830659415212623
-0.1257141240080794
0.02786259464174186
-0.1592481801374438
-0.1349949010222619
0.1052035187941793
0.1110326132496518
-0.07148709848683865
0.0208570196454906
-0.1257628256614907
0.03229775250381509
0.07183441755489502
0.0824612035904764
0.1493049700649637
-0.08352998881037299
-0.02802132665351138
0.2261188242739155
-0.02479707352597349
0.03452349081332824
0.008257360647620516
-0.1710612504682208
-0.007349815585950041
0.1171869252621139
-0.02461538709766528
0.01421065402508106
0.1636573234673196
-0.02242873003707043
0.1662578527121766
-0.01438624631504897
-0.0622162351683121
-0.06656220817964677
0.008122544439440089
0.06671491212386468
0.03279755422986702
0.1552463276748557
0.05901384533028577
0.06924740919353295
0.03979225271578907
0.04696288007481957
0.02715339407489034
0.09953051146826492
0.01418243789051594
0.1389618802842755
0.09076191205527288
-0.05341658819480186
0.1055101644910838
-0.1535308860457398
-0.198719363309483
0.01005276908651405
-0.01545744655880476
0.09533687470739721
0.1131965782582854
-0.02373225182868798
0.1148224326275618
-0.05666201560598217
-0.1106100279172894
0.05933041205483777
0.05047026392771474
0.04463684631402706
-0.01872311964270268
0.09676421224449416
0.08352483257442474
0.06251506220365471
-0.06691875040322592
0.05563268200556661
0.0465899933177733
-0.05723668739142806
-0.1163626909171598
0.03918845086895757
-0.1153125656514141
-0.07703701937412356
-0.1185538417886447
0.06582453480348452
0.1004065889566638
0.0254075633324511
0.05273991933782424
-0.02211817438331428
-0.06136031376873618
-0.1751309450424262
0.09661761811306051
-0.07323429341952188
-0.1413329570741249
0.1117572631221094
-0.05612045397369724
0.144650019651979
0.05585917911019114
-0.02112574476319598
0.1398944548056444
0.07549740774391009
-0.02601510833591572
0.1157496408419704
0.02664447988787449
-0.07989393325857373
-0.0206295629958697
0.07671836208739434
-0.001246952287245442
-0.05323731153578258
0.08142905031301213
-0.03463534188755046
-0.04136391536750737
-0.02719722844470019
0.02111319137647533
-0.1634554464528427
0.03395981048493809
0.06327109265983841
0.06010713008823421
-0.02260699217655111
0.1086060047416565
-0.07165589504083344
0.07330007721369658
-0.1392984518138712
0.137934674844175
0.08326767732277206
0.08219176251963879
0.0001780383847281349
0.1088758677869232
-0.08100049993432543
0.0469364219760713
0.03179699013527691
-0.0326011263846978
0.02284926372689502
-0.085590825388728
0.1280266867746891
0.09598659105495122
0.1389139170683422
-0.03538118419070586
-0.1055106064554183
-0.2122325683773371
-0.07348440070522877
-0.0311190273634827
0.09536496960186663
-0.1183917139989497
-0.1697359116818446
0.09020626637956168
0.1205805868074336
0.07967539689685864
0.06256443848063678
-0.0735389921028311
-0.01413409726888921
-0.1866013840656755
0.07775063087866137
-0.124865833670547
0.01896460220971989
-0.01306910209750408
-0.0473519158733948
0.03151686406085691
-0.01939761139576345
-0.06905274963281141
0.1368602027294665
0.07795233080095212
0.002668146500397613
0.117835972527375
-0.0213861548746048
-0.02528784024461951
0.02713770148223803
0.1583978597452793
-0.09856201513579205
0.1095071121515962
0.2499817165896442
0.07921022314930211
0.006746730753388188
0.02375750105273398
-0.08600082492511628
-0.07495985060963346
-0.1195221301685339
0.166574409964444
-0.04148888486163096
0.0458703172360556
-0.02616706947558586
-0.1895623519466056
-0.05564451576189294
0.1317062913088777
0.04569325877184243
0.09647698227404472
0.07869000886770455
0.05166224234043736
-0.04035027128797846
-0.09162155842262679
-0.007782466613504534
0.125138554798418
0.02609865060098217
0.1267883327634476
0.07657073435586496
-0.02465126836652014
0.04095494687898445
-0.0951080111596672
-0.07268545076709852
-0.1174964093979738
0.09203422656894149
-0.1194957627087817
0.01963797287261457
0.1277944743832846
0.09357298137868869
0.1084874484135914
-0.01628731268026489
-0.1400670704525035
0.004670037819585948
-0.06852905094717515
0.09123817738070973
0.02421126712637799
-0.03434835632214119
0.05553380265144176
0.01380700436856934
-0.03252182282900256
0.008096899331341563
-0.05263895431340383
0.00334131325368894
-0.2094573753282372
-0.1907471760113331
0.02534602837097851
0.02277480773158807
0.1170472364162266
0.008868914176890199
0.01992870161636321
-0.009444758856018363
-0.1234673472871667
0.03868121443020615
0.1040526284355443
-0.01205422968802353
0.04567512438842947
-0.001845775724306927
-0.01051524863856193
0.004700361019637704
0.193380814313613
-0.03208867828888325
-0.06330053569808293
-0.1007739819545306
0.02642021797092439
-0.02190359633671982
-0.09500350498722018
-0.002543194670039568
-0.0467005007384831
0.001710210668642469
-0.03688890515754469
-0.08677187359581842
-0.04253503381134215
0.0431224488038734
0.04257987715620336
0.008030646042432713
-0.1046034517163896
0.04035225999771914
-0.09026763619399368
0.03404377087381991
-0.1479849525814512
-0.05099852861506733
0.165014816695987
-0.04846950280451415
0.05335833017056853
0.01800898969234573
0.0388376647223003
-0.03396819755409352
0.06274144779131374
-0.06084714057367815
0.01943670612735188
-0.04799797976877243
0.05929356978404821
0.0215529758470251
-0.1271768178119121
0.06336490710937519
0.002683552829996742
-0.1565165693365383
0.002402576861871369
-0.04878732990723617
-0.07957311705536911
-0.007666818475616135
0.08475645065019209
0.1314964091740595
-0.01396353042415324
0.02100146554785456
-0.02190009223834563
-0.05477910562559956
-0.102251256362177
-0.04603982475006202
-0.04436294115422075
-0.01967773238607627
0.04205525249924213
-0.004355391485928709
0.04860951162658024
-0.001280704350762399
0.04595430583575308
-0.02391228802905068
0.06208462827442721
-0.119794546547182
0.1149784216852604
-0.1513525671708857
-0.06004056365882368
0.009923169297180595
0.02097572618012455
0.1737296755861837
0.05244652495522788
-0.01988758824665377
0.2895911326839495
0.113595075086715
-0.01398775630155423
-0.07288817238877517
-0.1413267074361511
-0.04961081807165646
0.06438214885936104
-0.0643087361789285
-0.05090545723839564
0.03194795072106914
-0.01575394506734784
-0.06627700977602227
0.1164193868692643
0.2517715908572433
0.03444956287244577
0.009874261699214106
-0.03711998091701826
-0.03027518028998017
0.06626611108674538
-0.1572484298316673
-0.1078477368398815
0.1256428397005385
0.1484254554497205
-0.02061976692857884
-0.008976782710299464
0.03589960082607487
0.02672117075087622
0.07124941782480745
-0.0002650177729775524
0.0487143346026612
-0.08183009484909454
-0.1127679465073045
0.0817789083279559
0.04780024428059663
-0.03062435091641397
0.01612644005001608
-0.04814838693423414
-0.02251472790863757
-0.009234787578410295
0.07468608929458792
-0.004585111208758987
0.1739496736185569
0.1272193108232807
-0.09083102666938234
-0.01328034084730886
-0.06741021745601312
0.03558280923682082
-0.1115423264538084
-0.06450619341290022
0.09898370161895166
0.1790738565427219
-0.2293158118362285
-0.04565883032248814
0.04258613061806486
-0.0948134895362687
0.0468303698543397
-0.00934949200468627
0.06931869113623765
0.1954363769536555
-0.06589980215732509
-0.1007249148698078
-0.03016867866667107
0.0008261812234481598
-0.1117541334857913
-0.04533114998494443
-0.1213983213015962
0.03334695764069179
0.1727014822278724
0.1227484897320755
-0.08284977524593592
0.03842504645460655
0.247959271407987
-0.0498287721331219
-0.1888985706317074
-0.010402196524991
0.05864695543265974
0.07179621797576054
-0.008955427547158645
-0.1092085881713253
-0.1031865069797825
-0.1009694218405376
-0.124452233230343
0.04463083654590465
-0.02762245584838317
0.1113851640481711
0.07016051427392032
-0.04737689531085802
-0.00145363177824673
0.04632399692664576
0.07283497654972144
0.09549110364159541
-0.05549514869807423
-0.111980390597795
0.1515721319143178
-0.1650642905893741
0.04126574412200087
-0.003476754382593311
0.07240570044959194
-0.1137179403801588
-0.1399483980148692
0.06286727719378614
-0.06850939235806965
-0.006775603949654217
0.1305160516665705
-0.05153756028615171
0.06207757267326879
-0.1462122004765363
-0.02998982701728773
-0.02203119918083853
-0.0007178032069407505
0.1173309463234495
-0.05415461855549326
0.115958482962617
0.03583015208728611
0.02782793153628036
0.03744891324889525
0.0003033851670497422
-0.1692728035531728
-0.1379561493968562
-0.001442056500709458
0.02334323764465844
-0.08586840597189611
-0.03446785173845677
-0.09213856865657881
0.01538670369550721
-5.779731686113634e-05
0.002451917231605582
-0.05657462093268953
0.1011747494025889
-0.1374000788638312
-0.02599824586559905
-0.01540031345554217
-0.005122244565396703
0.07898696426554556
0.1956002321428257
-0.03088884601084653
-0.02729926514724805
-0.1571340926827371
-0.1652440506131338
0.1317064016784975
0.1569124369284585
0.07310717213993928
0.2265710181212015
-0.1078963114299229
-0.0574133132718257
-0.1226083591015879
0.0755429163619746
0.003742634032869551
0.1420541217978627
-0.07284263120366395
0.1544272163653032
0.02582088915469491
-0.07796663908816008
0.1189998866870852
-0.1832861764771764
-0.07947625435720178
0.03942823437374454
0.04477288174188709
-0.07825561203943251
0.1197090945686245
-0.03703092368323007
-0.01503746753536694
0.02309873107112578
0.0206743606292291
-0.1946446813392276
-0.0619467410302937
0.0503325238342377
-0.003335336930552863
0.05885237494068794
-0.01637578600074378
-0.02706674282950789
-0.01600708597727757
-0.06381126681397192
-0.007599711564129946
0.1285094498653221
0.04256104720173941
-0.05621096881342713
-0.09207195459319392
0.05627451030399216
